s
6 0 0 0 7 0 4 0 1 
0 0 0 0 0 2 7 0 8 
2 7 4 0 0 0 0 3 5 
0 0 3 8 4 0 0 0 7 
1 0 7 3 9 0 2 0 6 
0 0 0 2 0 0 8 0 3 
0 3 6 0 0 0 1 7 4 
7 9 1 6 0 0 3 5 2 
5 4 2 7 3 1 6 8 9 
s
0 0 1 0 0 9 5 0 4 
0 0 2 5 3 0 0 1 8 
0 8 0 0 0 1 7 0 3 
7 0 8 1 2 0 3 9 6 
0 2 0 0 9 0 0 0 7 
1 0 3 0 5 0 0 0 2 
5 3 0 0 7 2 0 0 1 
0 1 7 0 6 0 3 0 5 
8 6 4 3 1 5 2 7 9 
s
0 3 9 5 0 7 0 4 2 
8 5 0 6 4 0 0 0 9 
2 0 0 0 0 0 0 0 6 
4 0 0 0 7 6 0 0 3 
0 8 0 1 0 3 4 0 5 
3 2 0 4 0 9 0 8 1 
7 0 0 0 6 5 0 0 4 
0 6 0 0 8 4 2 0 7 
5 4 2 7 3 1 6 9 8 
s
6 5 0 0 0 0 0 0 1 
3 1 0 4 5 0 0 0 8 
0 0 0 0 0 8 0 0 5 
9 0 0 0 0 0 5 0 7 
1 0 7 3 0 5 2 0 6 
4 0 0 0 1 0 0 0 3 
0 0 0 0 2 0 0 7 4 
7 0 0 0 0 4 3 5 2 
5 4 2 7 3 1 6 8 9 
s
